1
2
4
8
15
26
42
64
93
130
176
232
299
378
470
576
697
834
988
1160
1351
1562
1794
2048
2325
2626
2952
3304
3683
4090
4526
4992
5489
6018
6580
7176
7807
8474
9178
9920
10701
11522
12384
13288
14235
15226
16262
17344
18473
19650
20876
22152
23479
24858
26290
27776
29317
30914
32568
34280
36051
37882
39774
41728
43745
45826
47972
50184
52463
54810
57226
59712
62269
64898
67600
70376
73227
76154
79158
82240
85401
88642
91964
95368
98855
102426
106082
109824
113653
117570
121576
125672
129859
134138
138510
142976
147537
152194
156948
161800
166751
171802
176954
182208
187565
193026
198592
204264
210043
215930
221926
228032
234249
240578
247020
253576
260247
267034
273938
280960
288101
295362
302744
310248
317875
325626
333502
341504
349633
357890
366276
374792
383439
392218
401130
410176
419357
428674
438128
447720
457451
467322
477334
487488
497785
508226
518812
529544
540423
551450
562626
573952
585429
597058
608840
620776
632867
645114
657518
670080
682801
695682
708724
721928
735295
748826
762522
776384
790413
804610
818976
833512
848219
863098
878150
893376
908777
924354
940108
956040
972151
988442
1004914
1021568
1038405
1055426
1072632
1090024
1107603
1125370
1143326
1161472
1179809
1198338
1217060
1235976
1255087
1274394
1293898
1313600
1333501
1353602
1373904
1394408
1415115
1436026
1457142
1478464
1499993
1521730
1543676
1565832
1588199
1610778
1633570
1656576
1679797
1703234
1726888
1750760
1774851
1799162
1823694
1848448
1873425
1898626
1924052
1949704
1975583
2001690
2028026
2054592
2081389
2108418
2135680
2163176
2190907
2218874
2247078
2275520
2304201
2333122
2362284
2391688
2421335
2451226
2481362
2511744
2542373
2573250
2604376
2635752
2667379
2699258
2731390
2763776
2796417
2829314
2862468
2895880
2929551
2963482
2997674
3032128
3066845
3101826
3137072
3172584
3208363
3244410
3280726
3317312
3354169
3391298
3428700
3466376
3504327
3542554
3581058
3619840
3658901
3698242
3737864
3777768
3817955
3858426
3899182
3940224
3981553
4023170
4065076
4107272
4149759
4192538
4235610
4278976
4322637
4366594
4410848
4455400
4500251
4545402
4590854
4636608
4682665
4729026
4775692
4822664
4869943
4917530
4965426
5013632
5062149
5110978
5160120
5209576
5259347
5309434
5359838
5410560
5461601
5512962
5564644
5616648
5668975
5721626
5774602
5827904
5881533
5935490
5989776
6044392
6099339
6154618
6210230
6266176
6322457
6379074
6436028
6493320
6550951
6608922
6667234
6725888
6784885
6844226
6903912
6963944
7024323
7085050
7146126
7207552
7269329
7331458
7393940
7456776
7519967
7583514
7647418
7711680
7776301
7841282
7906624
7972328
8038395
8104826
8171622
8238784
8306313
8374210
8442476
8511112
8580119
8649498
8719250
8789376
8859877
8930754
9002008
9073640
9145651
9218042
9290814
9363968
9437505
9511426
9585732
9660424
9735503
9810970
9886826
9963072
10039709
10116738
10194160
10271976
10350187
10428794
10507798
10587200
10667001
10747202
10827804
10908808
10990215
11072026
11154242
11236864
11319893
11403330
11487176
11571432
11656099
11741178
11826670
11912576
11998897
12085634
12172788
12260360
12348351
12436762
12525594
12614848
12704525
12794626
12885152
12976104
13067483
13159290
13251526
13344192
13437289
13530818
13624780
13719176
13814007
13909274
14004978
14101120
14197701
14294722
14392184
14490088
14588435
14687226
14786462
14886144
14986273
15086850
15187876
15289352
15391279
15493658
15596490
15699776
15803517
15907714
16012368
16117480
16223051
16329082
16435574
16542528
16649945
16757826
16866172
16974984
17084263
17194010
17304226
17414912
17526069
17637698
17749800
17862376
17975427
18088954
18202958
18317440
18432401
18547842
18663764
18780168
18897055
19014426
19132282
19250624
19369453
19488770
19608576
19728872
19849659
19970938
20092710
20214976
20337737
20460994
20584748
20709000
20833751
20959002
21084754
21211008
21337765
21465026
21592792
21721064
21849843
21979130
22108926
22239232
22370049
22501378
22633220
22765576
22898447
23031834
23165738
23300160
23435101
23570562
23706544
23843048
23980075
24117626
24255702
24394304
24533433
24673090
24813276
24953992
25095239
25237018
25379330
25522176
25665557
25809474
25953928
26098920
26244451
26390522
26537134
26684288
26831985
26980226
27129012
27278344
27428223
27578650
27729626
27881152
28033229
28185858
28339040
28492776
28647067
28801914
28957318
29113280
29269801
29426882
29584524
29742728
29901495
30060826
30220722
30381184
30542213
30703810
30865976
31028712
31192019
31355898
31520350
31685376
31850977
32017154
32183908
32351240
32519151
32687642
32856714
33026368
33196605
33367426
33538832
33710824
33883403
34056570
34230326
34404672
34579609
34755138
34931260
35107976
35285287
35463194
35641698
35820800
36000501
36180802
36361704
36543208
36725315
36908026
37091342
37275264
37459793
37644930
37830676
38017032
38203999
38391578
38579770
38768576
38957997
39148034
39338688
39529960
39721851
39914362
40107494
40301248
40495625
40690626
40886252
41082504
41279383
41476890
41675026
41873792
42073189
42273218
42473880
42675176
42877107
43079674
43282878
43486720
43691201
43896322
44102084
44308488
44515535
44723226
44931562
45140544
45350173
45560450
45771376
45982952
46195179
46408058
46621590
46835776
47050617
47266114
47482268
47699080
47916551
48134682
48353474
48572928
48793045
49013826
49235272
49457384
49680163
49903610
50127726
50352512
50577969
50804098
51030900
51258376
51486527
51715354
51944858
52175040
52405901
52637442
52869664
53102568
53336155
53570426
53805382
54041024
54277353
54514370
54752076
54990472
55229559
55469338
55709810
55950976
56192837
56435394
56678648
56922600
57167251
57412602
57658654
57905408
58152865
58401026
58649892
58899464
59149743
59400730
59652426
59904832
60157949
60411778
60666320
60921576
61177547
61434234
61691638
61949760
62208601
62468162
62728444
62989448
63251175
63513626
63776802
64040704
64305333
64570690
64836776
65103592
65371139
65639418
65908430
66178176
66448657
66719874
66991828
67264520
67537951
67812122
68087034
68362688
68639085
68916226
69194112
69472744
69752123
70032250
70313126
70594752
70877129
71160258
71444140
71728776
72014167
72300314
72587218
72874880
73163301
73452482
73742424
74033128
74324595
74616826
74909822
75203584
75498113
75793410
76089476
76386312
76683919
76982298
77281450
77581376
77882077
78183554
78485808
78788840
79092651
79397242
79702614
80008768
80315705
80623426
80931932
81241224
81551303
81862170
82173826
82486272
82799509
83113538
83428360
83743976
84060387
84377594
84695598
85014400
85334001
85654402
85975604
86297608
86620415
86944026
87268442
87593664
87919693
88246530
88574176
88902632
89231899
89561978
89892870
90224576
90557097
90890434
91224588
91559560
91895351
92231962
92569394
92907648
93246725
93586626
93927352
94268904
94611283
94954490
95298526
95643392
95989089
96335618
96682980
97031176
97380207
97730074
98080778
98432320
98784701
99137922
99491984
99846888
100202635
100559226
100916662
101274944
101634073
101994050
102354876
102716552
103079079
103442458
103806690
104171776
104537717
104904514
105272168
105640680
106010051
106380282
106751374
107123328
107496145
107869826
108244372
108619784
108996063
109373210
109751226
110130112
110509869
110890498
111272000
111654376
112037627
112421754
112806758
113192640
113579401
113967042
114355564
114744968
115135255
115526426
115918482
116311424
116705253
117099970
117495576
117892072
118289459
118687738
119086910
119486976
119887937
120289794
120692548
121096200
121500751
121906202
122312554
122719808
123127965
123537026
123946992
124357864
124769643
125182330
125595926
126010432
126425849
126842178
127259420
127677576
128096647
128516634
128937538
129359360
129782101
130205762
130630344
131055848
131482275
131909626
132337902
132767104
133197233
133628290
134060276
134493192
134927039
135361818
135797530
136234176
136671757
137110274
137549728
137990120
138431451
138873722
139316934
139761088
140206185
140652226
141099212
141547144
141996023
142445850
142896626
143348352
143801029
144254658
144709240
145164776
145621267
146078714
146537118
146996480
147456801
147918082
148380324
148843528
149307695
149772826
150238922
150705984
151174013
151643010
152112976
152583912
153055819
153528698
154002550
154477376
154953177
155429954
155907708
156386440
156866151
157346842
157828514
158311168
158794805
159279426
159765032
160251624
160739203
161227770
161717326
162207872
162699409
163191938
163685460
164179976
164675487
165171994
165669498
166168000
166667501
167168002
167669504
168172008
168675515
169180026
169685542
170192064
170699593
171208130
171717676
172228232
172739799
173252378
173765970
174280576
174796197
175312834
175830488
176349160
176868851
177389562
177911294
178434048
178957825
179482626
180008452
180535304
181063183
181592090
182122026
182652992
183184989
183718018
184252080
184787176
185323307
185860474
186398678
186937920
187478201
188019522
188561884
189105288
189649735
190195226
190741762
191289344
191837973
192387650
192938376
193490152
194042979
194596858
195151790
195707776
196264817
196822914
197382068
197942280
198503551
199065882
199629274
200193728
200759245
201325826
201893472
202462184
203031963
203602810
204174726
204747712
205321769
205896898
206473100
207050376
207628727
208208154
208788658
209370240
209952901
210536642
211121464
211707368
212294355
212882426
213471582
214061824
214653153
215245570
215839076
216433672
217029359
217626138
218224010
218822976
219423037
220024194
220626448
221229800
221834251
222439802
223046454
223654208
224263065
224873026
225484092
226096264
226709543
227323930
227939426
228556032
229173749
229792578
230412520
231033576
231655747
232279034
232903438
233528960
234155601
234783362
235412244
236042248
236673375
237305626
237939002
238573504
239209133
239845890
240483776
241122792
241762939
242404218
243046630
243690176
244334857
244980674
245627628
246275720
246924951
247575322
248226834
248879488
249533285
250188226
250844312
251501544
252159923
252819450
253480126
254141952
254804929
255469058
256134340
256800776
257468367
258137114
258807018
259478080
260150301
260823682
261498224
262173928
262850795
263528826
264208022
264888384
265569913
266252610
266936476
267621512
268307719
268995098
269683650
270373376
271064277
271756354
272449608
273144040
273839651
274536442
275234414
275933568
276633905
277335426
278038132
278742024
279447103
280153370
280860826
281569472
282279309
282990338
283702560
284415976
285130587
285846394
286563398
287281600
288001001
288721602
289443404
290166408
290890615
291616026
292342642
293070464
293799493
294529730
295261176
295993832
296727699
297462778
298199070
298936576
299675297
300415234
301156388
301898760
302642351
303387162
304133194
304880448
305628925
306378626
307129552
307881704
308635083
309389690
310145526
310902592
311660889
312420418
313181180
313943176
314706407
315470874
316236578
317003520
317771701
318541122
319311784
320083688
320856835
321631226
322406862
323183744
323961873
324741250
325521876
326303752
327086879
327871258
328656890
329443776
330231917
331021314
331811968
332603880
333397051
334191482
334987174
335784128
336582345
337381826
338182572
338984584
339787863
340592410
341398226
342205312
343013669
343823298
344634200
345446376
346259827
347074554
347890558
348707840
349526401
350346242
351167364
351989768
352813455
353638426
354464682
355292224
356121053
356951170
357782576
358615272
359449259
360284538
361121110
361958976
362798137
363638594
364480348
365323400
366167751
367013402
367860354
368708608
369558165
370409026
371261192
372114664
372969443
373825530
374682926
375541632
376401649
377262978
378125620
378989576
379854847
380721434
381589338
382458560
383329101
384200962
385074144
385948648
386824475
387701626
388580102
389459904
390341033
391223490
392107276
392992392
393878839
394766618
395655730
396546176
397437957
398331074
399225528
400121320
401018451
401916922
402816734
403717888
404620385
405524226
406429412
407335944
408243823
409153050
410063626
410975552
411888829
412803458
413719440
414636776
415555467
416475514
417396918
418319680
419243801
420169282
421096124
422024328
422953895
423884826
424817122
425750784
426685813
427622210
428559976
429499112
430439619
431381498
432324750
433269376
434215377
435162754
436111508
437061640
438013151
438966042
439920314
440875968
441833005
442791426
443751232
444712424
445675003
446638970
447604326
448571072
449539209
450508738
451479660
452451976
453425687
454400794
455377298
456355200
457334501
458315202
459297304
460280808
461265715
462252026
463239742
464228864
465219393
466211330
467204676
468199432
469195599
470193178
471192170
472192576
473194397
474197634
475202288
476208360
477215851
478224762
479235094
480246848
481260025
482274626
483290652
484308104
485326983
486347290
487369026
488392192
489416789
490442818
491470280
492499176
493529507
494561274
495594478
496629120
497665201
498702722
499741684
500782088
501823935
502867226
503911962
504958144
506005773
507054850
508105376
509157352
510210779
511265658
512321990
513379776
514439017
515499714
516561868
517625480
518690551
519757082
520825074
521894528
522965445
524037826
525111672
526186984
527263763
528342010
529421726
530502912
531585569
532669698
533755300
534842376
535930927
537020954
538112458
539205440
540299901
541395842
542493264
543592168
544692555
545794426
546897782
548002624
549108953
550216770
551326076
552436872
553549159
554662938
555778210
556894976
558013237
559132994
560254248
561377000
562501251
563627002
564754254
565883008
567013265
568145026
569278292
570413064
571549343
572687130
573826426
574967232
576109549
577253378
578398720
579545576
580693947
581843834
582995238
584148160
585302601
586458562
587616044
588775048
589935575
591097626
592261202
593426304
594592933
595761090
596930776
598101992
599274739
600449018
601624830
602802176
603981057
605161474
606343428
607526920
608711951
609898522
611086634
612276288
613467485
614660226
615854512
617050344
618247723
619446650
620647126
621849152
623052729
624257858
625464540
626672776
627882567
629093914
630306818
631521280
632737301
633954882
635174024
636394728
637616995
638840826
640066222
641293184
642521713
643751810
644983476
646216712
647451519
648687898
649925850
651165376
652406477
653649154
654893408
656139240
657386651
658635642
659886214
661138368
662392105
663647426
664904332
666162824
667422903
668684570
669947826
671212672
672479109
673747138
675016760
676287976
677560787
678835194
680111198
681388800
682668001
683948802
685231204
686515208
687800815
689088026
690376842
691667264
692959293
694252930
695548176
696845032
698143499
699443578
700745270
702048576
703353497
704660034
705968188
707277960
708589351
709902362
711216994
712533248
713851125
715170626
716491752
717814504
719138883
720464890
721792526
723121792
724452689
725785218
727119380
728455176
729792607
731131674
732472378
733814720
735158701
736504322
737851584
739200488
740551035
741903226
743257062
744612544
745969673
747328450
748688876
750050952
751414679
752780058
754147090
755515776
756886117
758258114
759631768
761007080
762384051
763762682
765142974
766524928
767908545
769293826
770680772
772069384
773459663
774851610
776245226
777640512
779037469
780436098
781836400
783238376
784642027
786047354
787454358
788863040
790273401
791685442
793099164
794514568
795931655
797350426
798770882
800193024
801616853
803042370
804469576
805898472
807329059
808761338
810195310
811630976
813068337
814507394
815948148
817390600
818834751
820280602
821728154
823177408
824628365
826081026
827535392
828991464
830449243
831908730
833369926
834832832
836297449
837763778
839231820
840701576
842173047
843646234
845121138
846597760
848076101
849556162
851037944
852521448
854006675
855493626
856982302
858472704
859964833
861458690
862954276
864451592
865950639
867451418
868953930
870458176
871964157
873471874
874981328
876492520
878005451
879520122
881036534
882554688
884074585
885596226
887119612
888644744
890171623
891700250
893230626
894762752
896296629
897832258
899369640
900908776
902449667
903992314
905536718
907082880
908630801
910180482
911731924
913285128
914840095
916396826
917955322
919515584
921077613
922641410
924206976
925774312
927343419
928914298
930486950
932061376
933637577
935215554
936795308
938376840
939960151
941545242
943132114
944720768
946311205
947903426
949497432
951093224
952690803
954290170
955891326
957494272
959099009
960705538
962313860
963923976
965535887
967149594
968765098
970382400
972001501
973622402
975245104
976869608
978495915
980124026
981753942
983385664
985019193
986654530
988291676
989930632
991571399
993213978
994858370
996504576
998152597
999802434
1001454088
1003107560
1004762851
1006419962
1008078894
1009739648
1011402225
1013066626
1014732852
1016400904
1018070783
1019742490
1021416026
1023091392
1024768589
1026447618
1028128480
1029811176
1031495707
1033182074
1034870278
1036560320
1038252201
1039945922
1041641484
1043338888
1045038135
1046739226
1048442162
1050146944
1051853573
1053562050
1055272376
1056984552
1058698579
1060414458
1062132190
1063851776
1065573217
1067296514
1069021668
1070748680
1072477551
1074208282
1075940874
1077675328
1079411645
1081149826
1082889872
1084631784
1086375563
1088121210
1089868726
1091618112
1093369369
1095122498
1096877500
1098634376
1100393127
1102153754
1103916258
1105680640
1107446901
1109215042
1110985064
1112756968
1114530755
1116306426
1118083982
1119863424
1121644753
1123427970
1125213076
1127000072
1128788959
1130579738
1132372410
1134166976
1135963437
1137761794
1139562048
1141364200
1143168251
1144974202
1146782054
1148591808
1150403465
1152217026
1154032492
1155849864
1157669143
1159490330
1161313426
1163138432
1164965349
1166794178
1168624920
1170457576
1172292147
1174128634
1175967038
1177807360
1179649601
1181493762
1183339844
1185187848
1187037775
1188889626
1190743402
1192599104
1194456733
1196316290
1198177776
1200041192
1201906539
1203773818
1205643030
1207514176
1209387257
1211262274
1213139228
1215018120
1216898951
1218781722
1220666434
1222553088
1224441685
1226332226
1228224712
1230119144
1232015523
1233913850
1235814126
1237716352
1239620529
1241526658
1243434740
1245344776
1247256767
1249170714
1251086618
1253004480
1254924301
1256846082
1258769824
1260695528
1262623195
1264552826
1266484422
1268417984
1270353513
1272291010
1274230476
1276171912
1278115319
1280060698
1282008050
1283957376
1285908677
1287861954
1289817208
1291774440
1293733651
1295694842
1297658014
1299623168
1301590305
1303559426
1305530532
1307503624
1309478703
1311455770
1313434826
1315415872
1317398909
1319383938
1321370960
1323359976
1325350987
1327343994
1329338998
1331336000
1333335001
1335336002
1337339004
1339344008
1341351015
1343360026
1345371042
1347384064
1349399093
1351416130
1353435176
1355456232
1357479299
1359504378
1361531470
1363560576
1365591697
1367624834
1369659988
1371697160
1373736351
1375777562
1377820794
1379866048
1381913325
1383962626
1386013952
1388067304
1390122683
1392180090
1394239526
1396300992
1398364489
1400430018
1402497580
1404567176
1406638807
1408712474
1410788178
1412865920
1414945701
1417027522
1419111384
1421197288
1423285235
1425375226
1427467262
1429561344
1431657473
1433755650
1435855876
1437958152
1440062479
1442168858
1444277290
1446387776
1448500317
1450614914
1452731568
1454850280
1456971051
1459093882
1461218774
1463345728
1465474745
1467605826
1469738972
1471874184
1474011463
1476150810
1478292226
1480435712
1482581269
1484728898
1486878600
1489030376
1491184227
1493340154
1495498158
1497658240
1499820401
1501984642
1504150964
1506319368
1508489855
1510662426
1512837082
1515013824
1517192653
1519373570
1521556576
1523741672
1525928859
1528118138
1530309510
1532502976
1534698537
1536896194
1539095948
1541297800
1543501751
1545707802
1547915954
1550126208
1552338565
1554553026
1556769592
1558988264
1561209043
1563431930
1565656926
1567884032
1570113249
1572344578
1574578020
1576813576
1579051247
1581291034
1583532938
1585776960
1588023101
1590271362
1592521744
1594774248
1597028875
1599285626
1601544502
1603805504
1606068633
1608333890
1610601276
1612870792
1615142439
1617416218
1619692130
1621970176
1624250357
1626532674
1628817128
1631103720
1633392451
1635683322
1637976334
1640271488
1642568785
1644868226
1647169812
1649473544
1651779423
1654087450
1656397626
1658709952
1661024429
1663341058
1665659840
1667980776
1670303867
1672629114
1674956518
1677286080
1679617801
1681951682
1684287724
1686625928
1688966295
1691308826
1693653522
1696000384
1698349413
1700700610
1703053976
1705409512
1707767219
1710127098
1712489150
1714853376
1717219777
1719588354
1721959108
1724332040
1726707151
1729084442
1731463914
1733845568
1736229405
1738615426
1741003632
1743394024
1745786603
1748181370
1750578326
1752977472
1755378809
1757782338
1760188060
1762595976
1765006087
1767418394
1769832898
1772249600
1774668501
1777089602
1779512904
1781938408
1784366115
1786796026
1789228142
1791662464
1794098993
1796537730
1798978676
1801421832
1803867199
1806314778
1808764570
1811216576
1813670797
1816127234
1818585888
1821046760
1823509851
1825975162
1828442694
1830912448
1833384425
1835858626
1838335052
1840813704
1843294583
1845777690
1848263026
1850750592
1853240389
1855732418
1858226680
1860723176
1863221907
1865722874
1868226078
1870731520
1873239201
1875749122
1878261284
1880775688
1883292335
1885811226
1888332362
1890855744
1893381373
1895909250
1898439376
1900971752
1903506379
1906043258
1908582390
1911123776
1913667417
1916213314
1918761468
1921311880
1923864551
1926419482
1928976674
1931536128
1934097845
1936661826
1939228072
1941796584
1944367363
1946940410
1949515726
1952093312
1954673169
1957255298
1959839700
1962426376
1965015327
1967606554
1970200058
1972795840
1975393901
1977994242
1980596864
1983201768
1985808955
1988418426
1991030182
1993644224
1996260553
1998879170
2001500076
2004123272
2006748759
2009376538
2012006610
2014638976
2017273637
2019910594
2022549848
2025191400
2027835251
2030481402
2033129854
2035780608
2038433665
2041089026
2043746692
2046406664
2049068943
2051733530
2054400426
2057069632
2059741149
2062414978
2065091120
2067769576
2070450347
2073133434
2075818838
2078506560
2081196601
2083888962
2086583644
2089280648
2091979975
2094681626
2097385602
2100091904
2102800533
2105511490
2108224776
2110940392
2113658339
2116378618
2119101230
2121826176
2124553457
2127283074
2130015028
2132749320
2135485951
2138224922
2140966234
2143709888
2146455885
2149204226
2151954912
2154707944
2157463323
2160221050
2162981126
2165743552
2168508329
2171275458
2174044940
2176816776
2179590967
2182367514
2185146418
2187927680
2190711301
2193497282
2196285624
2199076328
2201869395
2204664826
2207462622
2210262784
2213065313
2215870210
2218677476
2221487112
2224299119
2227113498
2229930250
2232749376
2235570877
2238394754
2241221008
2244049640
2246880651
2249714042
2252549814
2255387968
2258228505
2261071426
2263916732
2266764424
2269614503
2272466970
2275321826
2278179072
2281038709
2283900738
2286765160
2289631976
2292501187
2295372794
2298246798
2301123200
2304002001
2306883202
2309766804
2312652808
2315541215
2318432026
2321325242
2324220864
2327118893
2330019330
2332922176
2335827432
2338735099
2341645178
2344557670
2347472576
2350389897
2353309634
2356231788
2359156360
2362083351
2365012762
2367944594
2370878848
2373815525
2376754626
2379696152
2382640104
2385586483
2388535290
2391486526
2394440192
2397396289
2400354818
2403315780
2406279176
2409245007
2412213274
2415183978
2418157120
2421132701
2424110722
2427091184
2430074088
2433059435
2436047226
2439037462
2442030144
2445025273
2448022850
2451022876
2454025352
2457030279
2460037658
2463047490
2466059776
2469074517
2472091714
2475111368
2478133480
2481158051
2484185082
2487214574
2490246528
2493280945
2496317826
2499357172
2502398984
2505443263
2508490010
2511539226
2514590912
2517645069
2520701698
2523760800
2526822376
2529886427
2532952954
2536021958
2539093440
2542167401
2545243842
2548322764
2551404168
2554488055
2557574426
2560663282
2563754624
2566848453
2569944770
2573043576
2576144872
2579248659
2582354938
2585463710
2588574976
2591688737
2594804994
2597923748
2601045000
2604168751
2607295002
2610423754
2613555008
2616688765
2619825026
2622963792
2626105064
2629248843
2632395130
2635543926
2638695232
2641849049
2645005378
2648164220
2651325576
2654489447
2657655834
2660824738
2663996160
2667170101
2670346562
2673525544
2676707048
2679891075
2683077626
2686266702
2689458304
2692652433
2695849090
2699048276
2702249992
2705454239
2708661018
2711870330
2715082176
2718296557
2721513474
2724732928
2727954920
2731179451
2734406522
2737636134
2740868288
2744102985
2747340226
2750580012
2753822344
2757067223
2760314650
2763564626
2766817152
2770072229
2773329858
2776590040
2779852776
2783118067
2786385914
2789656318
2792929280
2796204801
2799482882
2802763524
2806046728
2809332495
2812620826
2815911722
2819205184
2822501213
2825799810
2829100976
2832404712
2835711019
2839019898
2842331350
2845645376
2848961977
2852281154
2855602908
2858927240
2862254151
2865583642
2868915714
2872250368
2875587605
2878927426
2882269832
2885614824
2888962403
2892312570
2895665326
2899020672
2902378609
2905739138
2909102260
2912467976
2915836287
2919207194
2922580698
2925956800
2929335501
2932716802
2936100704
2939487208
2942876315
2946268026
2949662342
2953059264
2956458793
2959860930
2963265676
2966673032
2970082999
2973495578
2976910770
2980328576
2983748997
2987172034
2990597688
2994025960
2997456851
3000890362
3004326494
3007765248
3011206625
3014650626
3018097252
3021546504
3024998383
3028452890
3031910026
3035369792
3038832189
3042297218
3045764880
3049235176
3052708107
3056183674
3059661878
3063142720
3066626201
3070112322
3073601084
3077092488
3080586535
3084083226
3087582562
3091084544
3094589173
3098096450
3101606376
3105118952
3108634179
3112152058
3115672590
3119195776
3122721617
3126250114
3129781268
3133315080
3136851551
3140390682
3143932474
3147476928
3151024045
3154573826
3158126272
3161681384
3165239163
3168799610
3172362726
3175928512
3179496969
3183068098
3186641900
3190218376
3193797527
3197379354
3200963858
3204551040
3208140901
3211733442
3215328664
3218926568
3222527155
3226130426
3229736382
3233345024
3236956353
3240570370
3244187076
3247806472
3251428559
3255053338
3258680810
3262310976
3265943837
3269579394
3273217648
3276858600
3280502251
3284148602
3287797654
3291449408
3295103865
3298761026
3302420892
3306083464
3309748743
3313416730
3317087426
3320760832
3324436949
3328115778
3331797320
3335481576
3339168547
3342858234
3346550638
3350245760
3353943601
3357644162
3361347444
3365053448
3368762175
3372473626
3376187802
3379904704
3383624333
3387346690
3391071776
3394799592
3398530139
3402263418
3405999430
3409738176
3413479657
3417223874
3420970828
3424720520
3428472951
3432228122
3435986034
3439746688
3443510085
3447276226
3451045112
3454816744
3458591123
3462368250
3466148126
3469930752
3473716129
3477504258
3481295140
3485088776
3488885167
3492684314
3496486218
3500290880
3504098301
3507908482
3511721424
3515537128
3519355595
3523176826
3527000822
3530827584
3534657113
3538489410
3542324476
3546162312
3550002919
3553846298
3557692450
3561541376
3565393077
3569247554
3573104808
3576964840
3580827651
3584693242
3588561614
3592432768
3596306705
3600183426
3604062932
3607945224
3611830303
3615718170
3619608826
3623502272
3627398509
3631297538
3635199360
3639103976
3643011387
3646921594
3650834598
3654750400
3658669001
3662590402
3666514604
3670441608
3674371415
3678304026
3682239442
3686177664
3690118693
3694062530
3698009176
3701958632
3705910899
3709865978
3713823870
3717784576
3721748097
3725714434
3729683588
3733655560
3737630351
3741607962
3745588394
3749571648
3753557725
3757546626
3761538352
3765532904
3769530283
3773530490
3777533526
3781539392
3785548089
3789559618
3793573980
3797591176
3801611207
3805634074
3809659778
3813688320
3817719701
3821753922
3825790984
3829830888
3833873635
3837919226
3841967662
3846018944
3850073073
3854130050
3858189876
3862252552
3866318079
3870386458
3874457690
3878531776
3882608717
3886688514
3890771168
3894856680
3898945051
3903036282
3907130374
3911227328
3915327145
3919429826
3923535372
3927643784
3931755063
3935869210
3939986226
3944106112
3948228869
3952354498
3956483000
3960614376
3964748627
3968885754
3973025758
3977168640
3981314401
3985463042
3989614564
3993768968
3997926255
4002086426
4006249482
4010415424
4014584253
4018755970
4022930576
4027108072
4031288459
4035471738
4039657910
4043846976
4048038937
4052233794
4056431548
4060632200
4064835751
4069042202
4073251554
4077463808
4081678965
4085897026
4090117992
4094341864
4098568643
4102798330
4107030926
4111266432
4115504849
4119746178
4123990420
4128237576
4132487647
4136740634
4140996538
4145255360
4149517101
4153781762
4158049344
4162319848
4166593275
4170869626
4175148902
4179431104
4183716233
4188004290
4192295276
4196589192
4200886039
4205185818
4209488530
4213794176
4218102757
4222414274
4226728728
4231046120
4235366451
4239689722
4244015934
4248345088
4252677185
4257012226
4261350212
4265691144
4270035023
4274381850
4278731626
4283084352
4287440029
4291798658
4296160240
4300524776
4304892267
4309262714
4313636118
4318012480
4322391801
4326774082
4331159324
4335547528
4339938695
4344332826
4348729922
4353129984
4357533013
4361939010
4366347976
4370759912
4375174819
4379592698
4384013550
4388437376
4392864177
4397293954
4401726708
4406162440
4410601151
4415042842
4419487514
4423935168
4428385805
4432839426
4437296032
4441755624
4446218203
4450683770
4455152326
4459623872
4464098409
4468575938
4473056460
4477539976
4482026487
4486515994
4491008498
4495504000
4500002501
4504504002
4509008504
4513516008
4518026515
4522540026
4527056542
4531576064
4536098593
4540624130
4545152676
4549684232
4554218799
4558756378
4563296970
4567840576
4572387197
4576936834
4581489488
4586045160
4590603851
4595165562
4599730294
4604298048
4608868825
4613442626
4618019452
4622599304
4627182183
4631768090
4636357026
4640948992
4645543989
4650142018
4654743080
4659347176
4663954307
4668564474
4673177678
4677793920
4682413201
4687035522
4691660884
4696289288
4700920735
4705555226
4710192762
4714833344
4719476973
4724123650
4728773376
4733426152
4738081979
4742740858
4747402790
4752067776
4756735817
4761406914
4766081068
4770758280
4775438551
4780121882
4784808274
4789497728
4794190245
4798885826
4803584472
4808286184
4812990963
4817698810
4822409726
4827123712
4831840769
4836560898
4841284100
4846010376
4850739727
4855472154
4860207658
4864946240
4869687901
4874432642
4879180464
4883931368
4888685355
4893442426
4898202582
4902965824
4907732153
4912501570
4917274076
4922049672
4926828359
4931610138
4936395010
4941182976
4945974037
4950768194
4955565448
4960365800
4965169251
4969975802
4974785454
4979598208
4984414065
4989233026
4994055092
4998880264
5003708543
5008539930
5013374426
5018212032
5023052749
5027896578
5032743520
5037593576
5042446747
5047303034
5052162438
5057024960
5061890601
5066759362
5071631244
5076506248
5081384375
5086265626
5091150002
5096037504
5100928133
5105821890
5110718776
5115618792
5120521939
5125428218
5130337630
5135250176
5140165857
5145084674
5150006628
5154931720
5159859951
5164791322
5169725834
5174663488
5179604285
5184548226
5189495312
5194445544
5199398923
5204355450
5209315126
5214277952
5219243929
5224213058
5229185340
5234160776
5239139367
5244121114
5249106018
5254094080
5259085301
5264079682
5269077224
5274077928
5279081795
5284088826
5289099022
5294112384
5299128913
5304148610
5309171476
5314197512
5319226719
5324259098
5329294650
5334333376
5339375277
5344420354
5349468608
5354520040
5359574651
5364632442
5369693414
5374757568
5379824905
5384895426
5389969132
5395046024
5400126103
5405209370
5410295826
5415385472
5420478309
5425574338
5430673560
5435775976
5440881587
5445990394
5451102398
5456217600
5461336001
5466457602
5471582404
5476710408
5481841615
5486976026
5492113642
5497254464
5502398493
5507545730
5512696176
5517849832
5523006699
5528166778
5533330070
5538496576
5543666297
5548839234
5554015388
5559194760
5564377351
5569563162
5574752194
5579944448
5585139925
5590338626
5595540552
5600745704
5605954083
5611165690
5616380526
5621598592
5626819889
5632044418
5637272180
5642503176
5647737407
5652974874
5658215578
5663459520
5668706701
5673957122
5679210784
5684467688
5689727835
5694991226
5700257862
5705527744
5710800873
5716077250
5721356876
5726639752
5731925879
5737215258
5742507890
5747803776
5753102917
5758405314
5763710968
5769019880
5774332051
5779647482
5784966174
5790288128
5795613345
5800941826
5806273572
5811608584
5816946863
5822288410
5827633226
5832981312
5838332669
5843687298
5849045200
5854406376
5859770827
5865138554
5870509558
5875883840
5881261401
5886642242
5892026364
5897413768
5902804455
5908198426
5913595682
5918996224
5924400053
5929807170
5935217576
5940631272
5946048259
5951468538
5956892110
5962318976
5967749137
5973182594
5978619348
5984059400
5989502751
5994949402
6000399354
6005852608
6011309165
6016769026
6022232192
6027698664
6033168443
6038641530
6044117926
6049597632
6055080649
6060566978
6066056620
6071549576
6077045847
6082545434
6088048338
6093554560
6099064101
6104576962
6110093144
6115612648
6121135475
6126661626
6132191102
6137723904
6143260033
6148799490
6154342276
6159888392
6165437839
6170990618
6176546730
6182106176
6187668957
6193235074
6198804528
6204377320
6209953451
6215532922
6221115734
6226701888
6232291385
6237884226
6243480412
6249079944
6254682823
6260289050
6265898626
6271511552
6277127829
6282747458
6288370440
6293996776
6299626467
6305259514
6310895918
6316535680
6322178801
6327825282
6333475124
6339128328
6344784895
6350444826
6356108122
6361774784
6367444813
6373118210
6378794976
6384475112
6390158619
6395845498
6401535750
6407229376
6412926377
6418626754
6424330508
6430037640
6435748151
6441462042
6447179314
6452899968
6458624005
6464351426
6470082232
6475816424
6481554003
6487294970
6493039326
6498787072
6504538209
6510292738
6516050660
6521811976
6527576687
6533344794
6539116298
6544891200
6550669501
6556451202
6562236304
6568024808
6573816715
6579612026
6585410742
6591212864
6597018393
6602827330
6608639676
6614455432
6620274599
6626097178
6631923170
6637752576
6643585397
6649421634
6655261288
6661104360
6666950851
6672800762
6678654094
6684510848
6690371025
6696234626
6702101652
6707972104
6713845983
6719723290
6725604026
6731488192
6737375789
6743266818
6749161280
6755059176
6760960507
6766865274
6772773478
6778685120
6784600201
6790518722
6796440684
6802366088
6808294935
6814227226
6820162962
6826102144
6832044773
6837990850
6843940376
6849893352
6855849779
6861809658
6867772990
6873739776
6879710017
6885683714
6891660868
6897641480
6903625551
6909613082
6915604074
6921598528
6927596445
6933597826
6939602672
6945610984
6951622763
6957638010
6963656726
6969678912
6975704569
6981733698
6987766300
6993802376
6999841927
7005884954
7011931458
7017981440
7024034901
7030091842
7036152264
7042216168
7048283555
7054354426
7060428782
7066506624
7072587953
7078672770
7084761076
7090852872
7096948159
7103046938
7109149210
7115254976
7121364237
7127476994
7133593248
7139713000
7145836251
7151963002
7158093254
7164227008
7170364265
7176505026
7182649292
7188797064
7194948343
7201103130
7207261426
7213423232
7219588549
7225757378
7231929720
7238105576
7244284947
7250467834
7256654238
7262844160
7269037601
7275234562
7281435044
7287639048
7293846575
7300057626
7306272202
7312490304
7318711933
7324937090
7331165776
7337397992
7343633739
7349873018
7356115830
7362362176
7368612057
7374865474
7381122428
7387382920
7393646951
7399914522
7406185634
7412460288
7418738485
7425020226
7431305512
7437594344
7443886723
7450182650
7456482126
7462785152
7469091729
7475401858
7481715540
7488032776
7494353567
7500677914
7507005818
7513337280
7519672301
7526010882
7532353024
7538698728
7545047995
7551400826
7557757222
7564117184
7570480713
7576847810
7583218476
7589592712
7595970519
7602351898
7608736850
7615125376
7621517477
7627913154
7634312408
7640715240
7647121651
7653531642
7659945214
7666362368
7672783105
7679207426
7685635332
7692066824
7698501903
7704940570
7711382826
7717828672
7724278109
7730731138
7737187760
7743647976
7750111787
7756579194
7763050198
7769524800
7776003001
7782484802
7788970204
7795459208
7801951815
7808448026
7814947842
7821451264
7827958293
7834468930
7840983176
7847501032
7854022499
7860547578
7867076270
7873608576
7880144497
7886684034
7893227188
7899773960
7906324351
7912878362
7919435994
7925997248
7932562125
7939130626
7945702752
7952278504
7958857883
7965440890
7972027526
7978617792
7985211689
7991809218
7998410380
8005015176
8011623607
8018235674
8024851378
8031470720
8038093701
8044720322
8051350584
8057984488
8064622035
8071263226
8077908062
8084556544
8091208673
8097864450
8104523876
8111186952
8117853679
8124524058
8131198090
8137875776
8144557117
8151242114
8157930768
8164623080
8171319051
8178018682
8184721974
8191428928
8198139545
8204853826
8211571772
8218293384
8225018663
8231747610
8238480226
8245216512
8251956469
8258700098
8265447400
8272198376
8278953027
8285711354
8292473358
8299239040
8306008401
8312781442
8319558164
8326338568
8333122655
8339910426
8346701882
8353497024
8360295853
8367098370
8373904576
8380714472
8387528059
8394345338
8401166310
8407990976
8414819337
8421651394
8428487148
8435326600
8442169751
8449016602
8455867154
8462721408
8469579365
8476441026
8483306392
8490175464
8497048243
8503924730
8510804926
8517688832
8524576449
8531467778
8538362820
8545261576
8552164047
8559070234
8565980138
8572893760
8579811101
8586732162
8593656944
8600585448
8607517675
8614453626
8621393302
8628336704
8635283833
8642234690
8649189276
8656147592
8663109639
8670075418
8677044930
8684018176
8690995157
8697975874
8704960328
8711948520
8718940451
8725936122
8732935534
8739938688
8746945585
8753956226
8760970612
8767988744
8775010623
8782036250
8789065626
8796098752
8803135629
8810176258
8817220640
8824268776
8831320667
8838376314
8845435718
8852498880
8859565801
8866636482
8873710924
8880789128
8887871095
8894956826
8902046322
8909139584
8916236613
8923337410
8930441976
8937550312
8944662419
8951778298
8958897950
8966021376
8973148577
8980279554
8987414308
8994552840
9001695151
9008841242
9015991114
9023144768
9030302205
9037463426
9044628432
9051797224
9058969803
9066146170
9073326326
9080510272
9087698009
9094889538
9102084860
9109283976
9116486887
9123693594
9130904098
9138118400
9145336501
9152558402
9159784104
9167013608
9174246915
9181484026
9188724942
9195969664
9203218193
9210470530
9217726676
9224986632
9232250399
9239517978
9246789370
9254064576
9261343597
9268626434
9275913088
9283203560
9290497851
9297795962
9305097894
9312403648
9319713225
9327026626
9334343852
9341664904
9348989783
9356318490
9363651026
9370987392
9378327589
9385671618
9393019480
9400371176
9407726707
9415086074
9422449278
9429816320
9437187201
9444561922
9451940484
9459322888
9466709135
9474099226
9481493162
9488890944
9496292573
9503698050
9511107376
9518520552
9525937579
9533358458
9540783190
9548211776
9555644217
9563080514
9570520668
9577964680
9585412551
9592864282
9600319874
9607779328
9615242645
9622709826
9630180872
9637655784
9645134563
9652617210
9660103726
9667594112
9675088369
9682586498
9690088500
9697594376
9705104127
9712617754
9720135258
9727656640
9735181901
9742711042
9750244064
9757780968
9765321755
9772866426
9780414982
9787967424
9795523753
9803083970
9810648076
9818216072
9825787959
9833363738
9840943410
9848526976
9856114437
9863705794
9871301048
9878900200
9886503251
9894110202
9901721054
9909335808
9916954465
9924577026
9932203492
9939833864
9947468143
9955106330
9962748426
9970394432
9978044349
9985698178
9993355920
