1
4
5
6
9
24
25
49
51
75
76
99
125
249
251
375
376
499
501
624
625
749
751
875
999
1249
3751
4375
4999
5001
5625
6249
8751
9375
9376
9999
18751
31249
40625
49999
50001
59375
68751
81249
90624
90625
99999
109375
109376
218751
281249
390625
499999
500001
609375
718751
781249
890624
890625
999999
2109375
2890624
2890625
4218751
4999999
5000001
5781249
7109375
7109376
7890625
9218751
9999999
12890624
12890625
24218751
25781249
37109375
49999999
50000001
62890625
74218751
75781249
87109375
87109376
99999999
212890624
212890625
287109375
425781249
499999999
500000001
574218751