1
9
24
46
75
111
154
204
261
325
396
474
559
651
750
856
969
1089
1216
1350
1491
1639
1794
1956
2125
2301
2484
2674
2871
3075
3286
3504
3729
3961
4200
4446
4699
4959
5226
5500
5781
6069
6364
6666
6975
7291
7614
7944
8281
8625
8976
9334
9699
10071
10450
10836
11229
11629
12036
12450
12871
13299
13734
14176
14625
15081
15544
16014
16491
16975
17466
17964
18469
18981
19500
20026
20559
21099
21646
22200
22761
23329
23904
24486
25075
25671
26274
26884
27501
28125
28756
29394
30039
30691
31350
32016
32689
33369
34056
34750
35451
36159
36874
37596
38325
39061
39804
40554
41311
42075
42846
43624
44409
45201
46000
46806
47619
48439
49266
50100
50941
51789
52644
53506
54375
55251
56134
57024
57921
58825
59736
60654
61579
62511
63450
64396
65349
66309
67276
68250
69231
70219
71214
72216
73225
74241
75264
76294
77331
78375
79426
80484
81549
82621
83700
84786
85879
86979
88086
89200
90321
91449
92584
93726
94875
96031
97194
98364
99541
100725
101916
103114
104319
105531
106750
107976
109209
110449
111696
112950
114211
115479
116754
118036
119325
120621
121924
123234
124551
125875
127206
128544
129889
131241
132600
133966
135339
136719
138106
139500
140901
142309
143724
145146
146575
148011
149454
150904
152361
153825
155296
156774
158259
159751
161250
162756
164269
165789
167316
168850
170391
171939
173494
175056
176625
178201
179784
181374
182971
184575
186186
187804
189429
191061
192700
194346
195999
197659
199326
201000
202681
204369
206064
207766
209475
211191
212914
214644
216381
218125
219876
221634
223399
225171
226950
228736
230529
232329
234136
235950
237771
239599
241434
243276
245125
246981
248844
250714
252591
254475
256366
258264
260169
262081
264000
265926
267859
269799
271746
273700
275661
277629
279604
281586
283575
285571
287574
289584
291601
293625
295656
297694
299739
301791
303850
305916
307989
310069
312156
314250
316351
318459
320574
322696
324825
326961
329104
331254
333411
335575
337746
339924
342109
344301
346500
348706
350919
353139
355366
357600
359841
362089
364344
366606
368875
371151
373434
375724
378021
380325
382636
384954
387279
389611
391950
394296
396649
399009
401376
403750
406131
408519
410914
413316
415725
418141
420564
422994
425431
427875
430326
432784
435249
437721
440200
442686
445179
447679
450186
452700
455221
457749
460284
462826
465375
467931
470494
473064
475641
478225
480816
483414
486019
488631
491250
493876
496509
499149
501796
504450
507111
509779
512454
515136
517825
520521
523224
525934
528651
531375
534106
536844
539589
542341
545100
547866
550639
553419
556206
559000
561801
564609
567424
570246
573075
575911
578754
581604
584461
587325
590196
593074
595959
598851
601750
604656
607569
610489
613416
616350
619291
622239
625194
628156
631125
634101
637084
640074
643071
646075
649086
652104
655129
658161
661200
664246
667299
670359
673426
676500
679581
682669
685764
688866
691975
695091
698214
701344
704481
707625
710776
713934
717099
720271
723450
726636
729829
733029
736236
739450
742671
745899
749134
752376
755625
758881
762144
765414
768691
771975
775266
778564
781869
785181
788500
791826
795159
798499
801846
805200
808561
811929
815304
818686
822075
825471
828874
832284
835701
839125
842556
845994
849439
852891
856350
859816
863289
866769
870256
873750
877251
880759
884274
887796
891325
894861
898404
901954
905511
909075
912646
916224
919809
923401
927000
930606
934219
937839
941466
945100
948741
952389
956044
959706
963375
967051
970734
974424
978121
981825
985536
989254
992979
996711
1000450
1004196
1007949
1011709
1015476
1019250
1023031
1026819
1030614
1034416
1038225
1042041
1045864
1049694
1053531
1057375
1061226
1065084
1068949
1072821
1076700
1080586
1084479
1088379
1092286
1096200
1100121
1104049
1107984
1111926
1115875
1119831
1123794
1127764
1131741
1135725
1139716
1143714
1147719
1151731
1155750
1159776
1163809
1167849
1171896
1175950
1180011
1184079
1188154
1192236
1196325
1200421
1204524
1208634
1212751
1216875
1221006
1225144
1229289
1233441
1237600
1241766
1245939
1250119
1254306
1258500
1262701
1266909
1271124
1275346
1279575
1283811
1288054
1292304
1296561
1300825
1305096
1309374
1313659
1317951
1322250
1326556
1330869
1335189
1339516
1343850
1348191
1352539
1356894
1361256
1365625
1370001
1374384
1378774
1383171
1387575
1391986
1396404
1400829
1405261
1409700
1414146
1418599
1423059
1427526
1432000
1436481
1440969
1445464
1449966
1454475
1458991
1463514
1468044
1472581
1477125
1481676
1486234
1490799
1495371
1499950
1504536
1509129
1513729
1518336
1522950
1527571
1532199
1536834
1541476
1546125
1550781
1555444
1560114
1564791
1569475
1574166
1578864
1583569
1588281
1593000
1597726
1602459
1607199
1611946
1616700
1621461
1626229
1631004
1635786
1640575
1645371
1650174
1654984
1659801
1664625
1669456
1674294
1679139
1683991
1688850
1693716
1698589
1703469
1708356
1713250
1718151
1723059
1727974
1732896
1737825
1742761
1747704
1752654
1757611
1762575
1767546
1772524
1777509
1782501
1787500
1792506
1797519
1802539
1807566
1812600
1817641
1822689
1827744
1832806
1837875
1842951
1848034
1853124
1858221
1863325
1868436
1873554
1878679
1883811
1888950
1894096
1899249
1904409
1909576
1914750
1919931
1925119
1930314
1935516
1940725
1945941
1951164
1956394
1961631
1966875
1972126
1977384
1982649
1987921
1993200
1998486
2003779
2009079
2014386
2019700
2025021
2030349
2035684
2041026
2046375
2051731
2057094
2062464
2067841
2073225
2078616
2084014
2089419
2094831
2100250
2105676
2111109
2116549
2121996
2127450
2132911
2138379
2143854
2149336
2154825
2160321
2165824
2171334
2176851
2182375
2187906
2193444
2198989
2204541
2210100
2215666
2221239
2226819
2232406
2238000
2243601
2249209
2254824
2260446
2266075
2271711
2277354
2283004
2288661
2294325
2299996
2305674
2311359
2317051
2322750
2328456
2334169
2339889
2345616
2351350
2357091
2362839
2368594
2374356
2380125
2385901
2391684
2397474
2403271
2409075
2414886
2420704
2426529
2432361
2438200
2444046
2449899
2455759
2461626
2467500
2473381
2479269
2485164
2491066
2496975
2502891
2508814
2514744
2520681
2526625
2532576
2538534
2544499
2550471
2556450
2562436
2568429
2574429
2580436
2586450
2592471
2598499
2604534
2610576
2616625
2622681
2628744
2634814
2640891
2646975
2653066
2659164
2665269
2671381
2677500
2683626
2689759
2695899
2702046
2708200
2714361
2720529
2726704
2732886
2739075
2745271
2751474
2757684
2763901
2770125
2776356
2782594
2788839
2795091
2801350
2807616
2813889
2820169
2826456
2832750
2839051
2845359
2851674
2857996
2864325
2870661
2877004
2883354
2889711
2896075
2902446
2908824
2915209
2921601
2928000
2934406
2940819
2947239
2953666
2960100
2966541
2972989
2979444
2985906
2992375
2998851
3005334
3011824
3018321
3024825
3031336
3037854
3044379
3050911
3057450
3063996
3070549
3077109
3083676
3090250
3096831
3103419
3110014
3116616
3123225
3129841
3136464
3143094
3149731
3156375
3163026
3169684
3176349
3183021
3189700
3196386
3203079
3209779
3216486
3223200
3229921
3236649
3243384
3250126
3256875
3263631
3270394
3277164
3283941
3290725
3297516
3304314
3311119
3317931
3324750
3331576
3338409
3345249
3352096
3358950
3365811
3372679
3379554
3386436
3393325
3400221
3407124
3414034
3420951
3427875
3434806
3441744
3448689
3455641
3462600
3469566
3476539
3483519
3490506
3497500
3504501
3511509
3518524
3525546
3532575
3539611
3546654
3553704
3560761
3567825
3574896
3581974
3589059
3596151
3603250
3610356
3617469
3624589
3631716
3638850
3645991
3653139
3660294
3667456
3674625
3681801
3688984
3696174
3703371
3710575
3717786
3725004
3732229
3739461
3746700
3753946
3761199
3768459
3775726
3783000
3790281
3797569
3804864
3812166
3819475
3826791
3834114
3841444
3848781
3856125
3863476
3870834
3878199
3885571
3892950
3900336
3907729
3915129
3922536
3929950
3937371
3944799
3952234
3959676
3967125
3974581
3982044
3989514
3996991
4004475
4011966
4019464
4026969
4034481
4042000
4049526
4057059
4064599
4072146
4079700
4087261
4094829
4102404
4109986
4117575
4125171
4132774
4140384
4148001
4155625
4163256
4170894
4178539
4186191
4193850
4201516
4209189
4216869
4224556
4232250
4239951
4247659
4255374
4263096
4270825
4278561
4286304
4294054
4301811
4309575
4317346
4325124
4332909
4340701
4348500
4356306
4364119
4371939
4379766
4387600
4395441
4403289
4411144
4419006
4426875
4434751
4442634
4450524
4458421
4466325
4474236
4482154
4490079
4498011
4505950
4513896
4521849
4529809
4537776
4545750
4553731
4561719
4569714
4577716
4585725
4593741
4601764
4609794
4617831
4625875
4633926
4641984
4650049
4658121
4666200
4674286
4682379
4690479
4698586
4706700
4714821
4722949
4731084
4739226
4747375
4755531
4763694
4771864
4780041
4788225
4796416
4804614
4812819
4821031
4829250
4837476
4845709
4853949
4862196
4870450
4878711
4886979
4895254
4903536
4911825
4920121
4928424
4936734
4945051
4953375
4961706
4970044
4978389
4986741
4995100
5003466
5011839
5020219
5028606
5037000
5045401
5053809
5062224
5070646
5079075
5087511
5095954
5104404
5112861
5121325
5129796
5138274
5146759
5155251
5163750
5172256
5180769
5189289
5197816
5206350
5214891
5223439
5231994
5240556
5249125
5257701
5266284
5274874
5283471
5292075
5300686
5309304
5317929
5326561
5335200
5343846
5352499
5361159
5369826
5378500
5387181
5395869
5404564
5413266
5421975
5430691
5439414
5448144
5456881
5465625
5474376
5483134
5491899
5500671
5509450
5518236
5527029
5535829
5544636
5553450
5562271
5571099
5579934
5588776
5597625
5606481
5615344
5624214
5633091
5641975
5650866
5659764
5668669
5677581
5686500
5695426
5704359
5713299
5722246
5731200
5740161
5749129
5758104
5767086
5776075
5785071
5794074
5803084
5812101
5821125
5830156
5839194
5848239
5857291
5866350
5875416
5884489
5893569
5902656
5911750
5920851
5929959
5939074
5948196
5957325
5966461
5975604
5984754
5993911
6003075
6012246
6021424
6030609
6039801
6049000
6058206
6067419
6076639
6085866
6095100
6104341
6113589
6122844
6132106
6141375
6150651
6159934
6169224
6178521
6187825
6197136
6206454
6215779
6225111
6234450
6243796
6253149
6262509
6271876
6281250
6290631
6300019
6309414
6318816
6328225
6337641
6347064
6356494
6365931
6375375
6384826
6394284
6403749
6413221
6422700
6432186
6441679
6451179
6460686
6470200
6479721
6489249
6498784
6508326
6517875
6527431
6536994
6546564
6556141
6565725
6575316
6584914
6594519
6604131
6613750
6623376
6633009
6642649
6652296
6661950
6671611
6681279
6690954
6700636
6710325
6720021
6729724
6739434
6749151
6758875
6768606
6778344
6788089
6797841
6807600
6817366
6827139
6836919
6846706
6856500
6866301
6876109
6885924
6895746
6905575
6915411
6925254
6935104
6944961
6954825
6964696
6974574
6984459
6994351
7004250
7014156
7024069
7033989
7043916
7053850
7063791
7073739
7083694
7093656
7103625
7113601
7123584
7133574
7143571
7153575
7163586
7173604
7183629
7193661
7203700
7213746
7223799
7233859
7243926
7254000
7264081
7274169
7284264
7294366
7304475
7314591
7324714
7334844
7344981
7355125
7365276
7375434
7385599
7395771
7405950
7416136
7426329
7436529
7446736
7456950
7467171
7477399
7487634
7497876
7508125
7518381
7528644
7538914
7549191
7559475
7569766
7580064
7590369
7600681
7611000
7621326
7631659
7641999
7652346
7662700
7673061
7683429
7693804
7704186
7714575
7724971
7735374
7745784
7756201
7766625
7777056
7787494
7797939
7808391
7818850
7829316
7839789
7850269
7860756
7871250
7881751
7892259
7902774
7913296
7923825
7934361
7944904
7955454
7966011
7976575
7987146
7997724
8008309
8018901
8029500
8040106
8050719
8061339
8071966
8082600
8093241
8103889
8114544
8125206
8135875
8146551
8157234
8167924
8178621
8189325
8200036
8210754
8221479
8232211
8242950
8253696
8264449
8275209
8285976
8296750
8307531
8318319
8329114
8339916
8350725
8361541
8372364
8383194
8394031
8404875
8415726
8426584
8437449
8448321
8459200
8470086
8480979
8491879
8502786
8513700
8524621
8535549
8546484
8557426
8568375
8579331
8590294
8601264
8612241
8623225
8634216
8645214
8656219
8667231
8678250
8689276
8700309
8711349
8722396
8733450
8744511
8755579
8766654
8777736
8788825
8799921
8811024
8822134
8833251
8844375
8855506
8866644
8877789
8888941
8900100
8911266
8922439
8933619
8944806
8956000
8967201
8978409
8989624
9000846
9012075
9023311
9034554
9045804
9057061
9068325
9079596
9090874
9102159
9113451
9124750
9136056
9147369
9158689
9170016
9181350
9192691
9204039
9215394
9226756
9238125
9249501
9260884
9272274
9283671
9295075
9306486
9317904
9329329
9340761
9352200
9363646
9375099
9386559
9398026
9409500
9420981
9432469
9443964
9455466
9466975
9478491
9490014
9501544
9513081
9524625
9536176
9547734
9559299
9570871
9582450
9594036
9605629
9617229
9628836
9640450
9652071
9663699
9675334
9686976
9698625
9710281
9721944
9733614
9745291
9756975
9768666
9780364
9792069
9803781
9815500
9827226
9838959
9850699
9862446
9874200
9885961
9897729
9909504
9921286
9933075
9944871
9956674
9968484
9980301
9992125
10003956
10015794
10027639
10039491
10051350
10063216
10075089
10086969
10098856
10110750
10122651
10134559
10146474
10158396
10170325
10182261
10194204
10206154
10218111
10230075
10242046
10254024
10266009
10278001
10290000
10302006
10314019
10326039
10338066
10350100
10362141
10374189
10386244
10398306
10410375
10422451
10434534
10446624
10458721
10470825
10482936
10495054
10507179
10519311
10531450
10543596
10555749
10567909
10580076
10592250
10604431
10616619
10628814
10641016
10653225
10665441
10677664
10689894
10702131
10714375
10726626
10738884
10751149
10763421
10775700
10787986
10800279
10812579
10824886
10837200
10849521
10861849
10874184
10886526
10898875
10911231
10923594
10935964
10948341
10960725
10973116
10985514
10997919
11010331
11022750
11035176
11047609
11060049
11072496
11084950
11097411
11109879
11122354
11134836
11147325
11159821
11172324
11184834
11197351
11209875
11222406
11234944
11247489
11260041
11272600
11285166
11297739
11310319
11322906
11335500
11348101
11360709
11373324
11385946
11398575
11411211
11423854
11436504
11449161
11461825
11474496
11487174
11499859
11512551
11525250
11537956
11550669
11563389
11576116
11588850
11601591
11614339
11627094
11639856
11652625
11665401
11678184
11690974
11703771
11716575
11729386
11742204
11755029
11767861
11780700
11793546
11806399
11819259
11832126
11845000
11857881
11870769
11883664
11896566
11909475
11922391
11935314
11948244
11961181
11974125
11987076
12000034
12012999
12025971
12038950
12051936
12064929
12077929
12090936
12103950
12116971
12129999
12143034
12156076
12169125
12182181
12195244
12208314
12221391
12234475
12247566
12260664
12273769
12286881
12300000
12313126
12326259
12339399
12352546
12365700
12378861
12392029
12405204
12418386
12431575
12444771
12457974
12471184
12484401
12497625
12510856
12524094
12537339
12550591
12563850
12577116
12590389
12603669
12616956
12630250
12643551
12656859
12670174
12683496
12696825
12710161
12723504
12736854
12750211
12763575
12776946
12790324
12803709
12817101
12830500
12843906
12857319
12870739
12884166
12897600
12911041
12924489
12937944
12951406
12964875
12978351
12991834
13005324
13018821
13032325
13045836
13059354
13072879
13086411
13099950
13113496
13127049
13140609
13154176
13167750
13181331
13194919
13208514
13222116
13235725
13249341
13262964
13276594
13290231
13303875
13317526
13331184
13344849
13358521
13372200
13385886
13399579
13413279
13426986
13440700
13454421
13468149
13481884
13495626
13509375
13523131
13536894
13550664
13564441
13578225
13592016
13605814
13619619
13633431
13647250
13661076
13674909
13688749
13702596
13716450
13730311
13744179
13758054
13771936
13785825
13799721
13813624
13827534
13841451
13855375
13869306
13883244
13897189
13911141
13925100
13939066
13953039
13967019
13981006
13995000
14009001
14023009
14037024
14051046
14065075
14079111
14093154
14107204
14121261
14135325
14149396
14163474
14177559
14191651
14205750
14219856
14233969
14248089
14262216
14276350
14290491
14304639
14318794
14332956
14347125
14361301
14375484
14389674
14403871
14418075
14432286
14446504
14460729
14474961
14489200
14503446
14517699
14531959
14546226
14560500
14574781
14589069
14603364
14617666
14631975
14646291
14660614
14674944
14689281
14703625
14717976
14732334
14746699
14761071
14775450
14789836
14804229
14818629
14833036
14847450
14861871
14876299
14890734
14905176
14919625
14934081
14948544
14963014
14977491
14991975
15006466
15020964
15035469
15049981
15064500
15079026
15093559
15108099
15122646
15137200
15151761
15166329
15180904
15195486
15210075
15224671
15239274
15253884
15268501
15283125
15297756
15312394
15327039
15341691
15356350
15371016
15385689
15400369
15415056
15429750
15444451
15459159
15473874
15488596
15503325
15518061
15532804
15547554
15562311
15577075
15591846
15606624
15621409
15636201
15651000
15665806
15680619
15695439
15710266
15725100
15739941
15754789
15769644
15784506
15799375
15814251
15829134
15844024
15858921
15873825
15888736
15903654
15918579
15933511
15948450
15963396
15978349
15993309
16008276
16023250
16038231
16053219
16068214
16083216
16098225
16113241
16128264
16143294
16158331
16173375
16188426
16203484
16218549
16233621
16248700
16263786
16278879
16293979
16309086
16324200
16339321
16354449
16369584
16384726
16399875
16415031
16430194
16445364
16460541
16475725
16490916
16506114
16521319
16536531
16551750
16566976
16582209
16597449
16612696
16627950
16643211
16658479
16673754
16689036
16704325
16719621
16734924
16750234
16765551
16780875
16796206
16811544
16826889
16842241
16857600
16872966
16888339
16903719
16919106
16934500
16949901
16965309
16980724
16996146
17011575
17027011
17042454
17057904
17073361
17088825
17104296
17119774
17135259
17150751
17166250
17181756
17197269
17212789
17228316
17243850
17259391
17274939
17290494
17306056
17321625
17337201
17352784
17368374
17383971
17399575
17415186
17430804
17446429
17462061
17477700
17493346
17508999
17524659
17540326
17556000
17571681
17587369
17603064
17618766
17634475
17650191
17665914
17681644
17697381
17713125
17728876
17744634
17760399
17776171
17791950
17807736
17823529
17839329
17855136
17870950
17886771
17902599
17918434
17934276
17950125
17965981
17981844
17997714
18013591
18029475
18045366
18061264
18077169
18093081
18109000
18124926
18140859
18156799
18172746
18188700
18204661
18220629
18236604
18252586
18268575
18284571
18300574
18316584
18332601
18348625
18364656
18380694
18396739
18412791
18428850
18444916
18460989
18477069
18493156
18509250
18525351
18541459
18557574
18573696
18589825
18605961
18622104
18638254
18654411
18670575
18686746
18702924
18719109
18735301
18751500
18767706
18783919
18800139
18816366
18832600
18848841
18865089
18881344
18897606
18913875
18930151
18946434
18962724
18979021
18995325
19011636
19027954
19044279
19060611
19076950
19093296
19109649
19126009
19142376
19158750
19175131
19191519
19207914
19224316
19240725
19257141
19273564
19289994
19306431
19322875
19339326
19355784
19372249
19388721
19405200
19421686
19438179
19454679
19471186
19487700
19504221
19520749
19537284
19553826
19570375
19586931
19603494
19620064
19636641
19653225
19669816
19686414
19703019
19719631
19736250
19752876
19769509
19786149
19802796
19819450
19836111
19852779
19869454
19886136
19902825
19919521
19936224
19952934
19969651
19986375
20003106
20019844
20036589
20053341
20070100
20086866
20103639
20120419
20137206
20154000
20170801
20187609
20204424
20221246
20238075
20254911
20271754
20288604
20305461
20322325
20339196
20356074
20372959
20389851
20406750
20423656
20440569
20457489
20474416
20491350
20508291
20525239
20542194
20559156
20576125
20593101
20610084
20627074
20644071
20661075
20678086
20695104
20712129
20729161
20746200
20763246
20780299
20797359
20814426
20831500
20848581
20865669
20882764
20899866
20916975
20934091
20951214
20968344
20985481
21002625
21019776
21036934
21054099
21071271
21088450
21105636
21122829
21140029
21157236
21174450
21191671
21208899
21226134
21243376
21260625
21277881
21295144
21312414
21329691
21346975
21364266
21381564
21398869
21416181
21433500
21450826
21468159
21485499
21502846
21520200
21537561
21554929
21572304
21589686
21607075
21624471
21641874
21659284
21676701
21694125
21711556
21728994
21746439
21763891
21781350
21798816
21816289
21833769
21851256
21868750
21886251
21903759
21921274
21938796
21956325
21973861
21991404
22008954
22026511
22044075
22061646
22079224
22096809
22114401
22132000
22149606
22167219
22184839
22202466
22220100
22237741
22255389
22273044
22290706
22308375
22326051
22343734
22361424
22379121
22396825
22414536
22432254
22449979
22467711
22485450
22503196
22520949
22538709
22556476
22574250
22592031
22609819
22627614
22645416
22663225
22681041
22698864
22716694
22734531
22752375
22770226
22788084
22805949
22823821
22841700
22859586
22877479
22895379
22913286
22931200
22949121
22967049
22984984
23002926
23020875
23038831
23056794
23074764
23092741
23110725
23128716
23146714
23164719
23182731
23200750
23218776
23236809
23254849
23272896
23290950
23309011
23327079
23345154
23363236
23381325
23399421
23417524
23435634
23453751
23471875
23490006
23508144
23526289
23544441
23562600
23580766
23598939
23617119
23635306
23653500
23671701
23689909
23708124
23726346
23744575
23762811
23781054
23799304
23817561
23835825
23854096
23872374
23890659
23908951
23927250
23945556
23963869
23982189
24000516
24018850
24037191
24055539
24073894
24092256
24110625
24129001
24147384
24165774
24184171
24202575
24220986
24239404
24257829
24276261
24294700
24313146
24331599
24350059
24368526
24387000
24405481
24423969
24442464
24460966
24479475
24497991
24516514
24535044
24553581
24572125
24590676
24609234
24627799
24646371
24664950
24683536
24702129
24720729
24739336
24757950
24776571
24795199
24813834
24832476
24851125
24869781
24888444
24907114
24925791
24944475
24963166
24981864
25000569
25019281
25038000
25056726
25075459
25094199
25112946
25131700
25150461
25169229
25188004
25206786
25225575
25244371
25263174
25281984
25300801
25319625
25338456
25357294
25376139
25394991
25413850
25432716
25451589
25470469
25489356
25508250
25527151
25546059
25564974
25583896
25602825
25621761
25640704
25659654
25678611
25697575
25716546
25735524
25754509
25773501
25792500
25811506
25830519
25849539
25868566
25887600
25906641
25925689
25944744
25963806
25982875
26001951
26021034
26040124
26059221
26078325
26097436
26116554
26135679
26154811
26173950
26193096
26212249
26231409
26250576
26269750
26288931
26308119
26327314
26346516
26365725
26384941
26404164
26423394
26442631
26461875
26481126
26500384
26519649
26538921
26558200
26577486
26596779
26616079
26635386
26654700
26674021
26693349
26712684
26732026
26751375
26770731
26790094
26809464
26828841
26848225
26867616
26887014
26906419
26925831
26945250
26964676
26984109
27003549
27022996
27042450
27061911
27081379
27100854
27120336
27139825
27159321
27178824
27198334
27217851
27237375
27256906
27276444
27295989
27315541
27335100
27354666
27374239
27393819
27413406
27433000
27452601
27472209
27491824
27511446
27531075
27550711
27570354
27590004
27609661
27629325
27648996
27668674
27688359
27708051
27727750
27747456
27767169
27786889
27806616
27826350
27846091
27865839
27885594
27905356
27925125
27944901
27964684
27984474
28004271
28024075
28043886
28063704
28083529
28103361
28123200
28143046
28162899
28182759
28202626
28222500
28242381
28262269
28282164
28302066
28321975
28341891
28361814
28381744
28401681
28421625
28441576
28461534
28481499
28501471
28521450
28541436
28561429
28581429
28601436
28621450
28641471
28661499
28681534
28701576
28721625
28741681
28761744
28781814
28801891
28821975
28842066
28862164
28882269
28902381
28922500
28942626
28962759
28982899
29003046
29023200
29043361
29063529
29083704
29103886
29124075
29144271
29164474
29184684
29204901
29225125
29245356
29265594
29285839
29306091
29326350
29346616
29366889
29387169
29407456
29427750
29448051
29468359
29488674
29508996
29529325
29549661
29570004
29590354
29610711
29631075
29651446
29671824
29692209
29712601
29733000
29753406
29773819
29794239
29814666
29835100
29855541
29875989
29896444
29916906
29937375
29957851
29978334
29998824
30019321
30039825
30060336
30080854
30101379
30121911
30142450
30162996
30183549
30204109
30224676
30245250
30265831
30286419
30307014
30327616
30348225
30368841
30389464
30410094
30430731
30451375
30472026
30492684
30513349
30534021
30554700
30575386
30596079
30616779
30637486
30658200
30678921
30699649
30720384
30741126
30761875
30782631
30803394
30824164
30844941
30865725
30886516
30907314
30928119
30948931
30969750
30990576
31011409
31032249
31053096
31073950
31094811
31115679
31136554
31157436
31178325
31199221
31220124
31241034
31261951
31282875
31303806
31324744
31345689
31366641
31387600
31408566
31429539
31450519
31471506
31492500
31513501
31534509
31555524
31576546
31597575
31618611
31639654
31660704
31681761
31702825
31723896
31744974
31766059
31787151
31808250
31829356
31850469
31871589
31892716
31913850
31934991
31956139
31977294
31998456
32019625
32040801
32061984
32083174
32104371
32125575
32146786
32168004
32189229
32210461
32231700
32252946
32274199
32295459
32316726
32338000
32359281
32380569
32401864
32423166
32444475
32465791
32487114
32508444
32529781
32551125
32572476
32593834
32615199
32636571
32657950
32679336
32700729
32722129
32743536
32764950
32786371
32807799
32829234
32850676
32872125
32893581
32915044
32936514
32957991
32979475
33000966
33022464
33043969
33065481
33087000
33108526
33130059
33151599
33173146
33194700
33216261
33237829
33259404
33280986
33302575
33324171
33345774
33367384
33389001
33410625
33432256
33453894
33475539
33497191
33518850
33540516
33562189
33583869
33605556
33627250
33648951
33670659
33692374
33714096
33735825
33757561
33779304
33801054
33822811
33844575
33866346
33888124
33909909
33931701
33953500
33975306
33997119
34018939
34040766
34062600
34084441
34106289
34128144
34150006
34171875
34193751
34215634
34237524
34259421
34281325
34303236
34325154
34347079
34369011
34390950
34412896
34434849
34456809
34478776
34500750
34522731
34544719
34566714
34588716
34610725
34632741
34654764
34676794
34698831
34720875
34742926
34764984
34787049
34809121
34831200
34853286
34875379
34897479
34919586
34941700
34963821
34985949
35008084
35030226
35052375
35074531
35096694
35118864
35141041
35163225
35185416
35207614
35229819
35252031
35274250
35296476
35318709
35340949
35363196
35385450
35407711
35429979
35452254
35474536
35496825
35519121
35541424
35563734
35586051
35608375
35630706
35653044
35675389
35697741
35720100
35742466
35764839
35787219
35809606
35832000
35854401
35876809
35899224
35921646
35944075
35966511
35988954
36011404
36033861
36056325
36078796
36101274
36123759
36146251
36168750
36191256
36213769
36236289
36258816
36281350
36303891
36326439
36348994
36371556
36394125
36416701
36439284
36461874
36484471
36507075
36529686
36552304
36574929
36597561
36620200
36642846
36665499
36688159
36710826
36733500
36756181
36778869
36801564
36824266
36846975
36869691
36892414
36915144
36937881
36960625
36983376
37006134
37028899
37051671
37074450
37097236
37120029
37142829
37165636
37188450
37211271
37234099
37256934
37279776
37302625
37325481
37348344
37371214
37394091
37416975
37439866
37462764
37485669
37508581
37531500
37554426
37577359
37600299
37623246
37646200
37669161
37692129
37715104
37738086
37761075
37784071
37807074
37830084
37853101
37876125
37899156
37922194
37945239
37968291
37991350
38014416
38037489
38060569
38083656
38106750
38129851
38152959
38176074
38199196
38222325
38245461
38268604
38291754
38314911
38338075
38361246
38384424
38407609
38430801
38454000
38477206
38500419
38523639
38546866
38570100
38593341
38616589
38639844
38663106
38686375
38709651
38732934
38756224
38779521
38802825
38826136
38849454
38872779
38896111
38919450
38942796
38966149
38989509
39012876
39036250
39059631
39083019
39106414
39129816
39153225
39176641
39200064
39223494
39246931
39270375
39293826
39317284
39340749
39364221
39387700
39411186
39434679
39458179
39481686
39505200
39528721
39552249
39575784
39599326
39622875
39646431
39669994
39693564
39717141
39740725
39764316
39787914
39811519
39835131
39858750
39882376
39906009
39929649
39953296
39976950
40000611
40024279
40047954
40071636
40095325
40119021
40142724
40166434
40190151
40213875
40237606
40261344
40285089
40308841
40332600
40356366
40380139
40403919
40427706
40451500
40475301
40499109
40522924
40546746
40570575
40594411
40618254
40642104
40665961
40689825
40713696
40737574
40761459
40785351
40809250
40833156
40857069
40880989
40904916
40928850
40952791
40976739
41000694
41024656
41048625
41072601
41096584
41120574
41144571
41168575
41192586
41216604
41240629
41264661
41288700
41312746
41336799
41360859
41384926
41409000
41433081
41457169
41481264
41505366
41529475
41553591
41577714
41601844
41625981
41650125
41674276
41698434
41722599
41746771
41770950
41795136
41819329
41843529
41867736
41891950
41916171
41940399
41964634
41988876
42013125
42037381
42061644
42085914
42110191
42134475
42158766
42183064
42207369
42231681
42256000
42280326
42304659
42328999
42353346
42377700
42402061
42426429
42450804
42475186
42499575
42523971
42548374
42572784
42597201
42621625
42646056
42670494
42694939
42719391
42743850
42768316
42792789
42817269
42841756
42866250
42890751
42915259
42939774
42964296
42988825
43013361
43037904
43062454
43087011
43111575
43136146
43160724
43185309
43209901
43234500
43259106
43283719
43308339
43332966
43357600
43382241
43406889
43431544
43456206
43480875
43505551
43530234
43554924
43579621
43604325
43629036
43653754
43678479
43703211
43727950
43752696
43777449
43802209
43826976
43851750
43876531
43901319
43926114
43950916
43975725
44000541
44025364
44050194
44075031
44099875
44124726
44149584
44174449
44199321
44224200
44249086
44273979
44298879
44323786
44348700
44373621
44398549
44423484
44448426
44473375
44498331
44523294
44548264
44573241
44598225
44623216
44648214
44673219
44698231
44723250
44748276
44773309
44798349
44823396
44848450
44873511
44898579
44923654
44948736
44973825
44998921
45024024
45049134
45074251
45099375
45124506
45149644
45174789
45199941
45225100
45250266
45275439
45300619
45325806
45351000
45376201
45401409
45426624
45451846
45477075
45502311
45527554
45552804
45578061
45603325
45628596
45653874
45679159
45704451
45729750
45755056
45780369
45805689
45831016
45856350
45881691
45907039
45932394
45957756
45983125
46008501
46033884
46059274
46084671
46110075
46135486
46160904
46186329
46211761
46237200
46262646
46288099
46313559
46339026
46364500
46389981
46415469
46440964
46466466
46491975
46517491
46543014
46568544
46594081
46619625
46645176
46670734
46696299
46721871
46747450
46773036
46798629
46824229
46849836
46875450
46901071
46926699
46952334
46977976
47003625
47029281
47054944
47080614
47106291
47131975
47157666
47183364
47209069
47234781
47260500
47286226
47311959
47337699
47363446
47389200
47414961
47440729
47466504
47492286
47518075
47543871
47569674
47595484
47621301
47647125
47672956
47698794
47724639
47750491
47776350
47802216
47828089
47853969
47879856
47905750
47931651
47957559
47983474
48009396
48035325
48061261
48087204
48113154
48139111
48165075
48191046
48217024
48243009
48269001
48295000
48321006
48347019
48373039
48399066
48425100
48451141
48477189
48503244
48529306
48555375
48581451
48607534
48633624
48659721
48685825
48711936
48738054
48764179
48790311
48816450
48842596
48868749
48894909
48921076
48947250
48973431
48999619
49025814
49052016
49078225
49104441
49130664
49156894
49183131
49209375
49235626
49261884
49288149
49314421
49340700
49366986
49393279
49419579
49445886
49472200
49498521
49524849
49551184
49577526
49603875
49630231
49656594
49682964
49709341
49735725
49762116
49788514
49814919
49841331
49867750
49894176
49920609
49947049
49973496
49999950
50026411
50052879
50079354
50105836
50132325
50158821
50185324
50211834
50238351
50264875
50291406
50317944
50344489
50371041
50397600
50424166
50450739
50477319
50503906
50530500
50557101
50583709
50610324
50636946
50663575
50690211
50716854
50743504
50770161
50796825
50823496
50850174
50876859
50903551
50930250
50956956
50983669
51010389
51037116
51063850
51090591
51117339
51144094
51170856
51197625
51224401
51251184
51277974
51304771
51331575
51358386
51385204
51412029
51438861
51465700
51492546
51519399
51546259
51573126
51600000
51626881
51653769
51680664
51707566
51734475
51761391
51788314
51815244
51842181
51869125
51896076
51923034
51949999
51976971
52003950
52030936
52057929
52084929
52111936
52138950
52165971
52192999
52220034
52247076
52274125
52301181
52328244
52355314
52382391
52409475
52436566
52463664
52490769
52517881
52545000
52572126
52599259
52626399
52653546
52680700
52707861
52735029
52762204
52789386
52816575
52843771
52870974
52898184
52925401
52952625
52979856
53007094
53034339
53061591
53088850
53116116
53143389
53170669
53197956
53225250
53252551
53279859
53307174
53334496
53361825
53389161
53416504
53443854
53471211
53498575
53525946
53553324
53580709
53608101
53635500
53662906
53690319
53717739
53745166
53772600
53800041
53827489
53854944
53882406
53909875
53937351
53964834
53992324
54019821
54047325
54074836
54102354
54129879
54157411
54184950
54212496
54240049
54267609
54295176
54322750
54350331
54377919
54405514
54433116
54460725
54488341
54515964
54543594
54571231
54598875
54626526
54654184
54681849
54709521
54737200
54764886
54792579
54820279
54847986
54875700
54903421
54931149
54958884
54986626
55014375
55042131
55069894
55097664
55125441
55153225
55181016
55208814
55236619
55264431
55292250
55320076
55347909
55375749
55403596
55431450
55459311
55487179
55515054
55542936
55570825
55598721
55626624
55654534
55682451
55710375
55738306
55766244
55794189
55822141
55850100
55878066
55906039
55934019
55962006
55990000
56018001
56046009
56074024
56102046
56130075
56158111
56186154
56214204
56242261
56270325
56298396
56326474
56354559
56382651
56410750
56438856
56466969
56495089
56523216
56551350
56579491
56607639
56635794
56663956
56692125
56720301
56748484
56776674
56804871
56833075
56861286
56889504
56917729
56945961
56974200
57002446
57030699
57058959
57087226
57115500
57143781
57172069
57200364
57228666
57256975
57285291
57313614
57341944
57370281
57398625
57426976
57455334
57483699
57512071
57540450
57568836
57597229
57625629
57654036
57682450
57710871
57739299
57767734
57796176
57824625
57853081
57881544
57910014
57938491
57966975
57995466
58023964
58052469
58080981
58109500
58138026
58166559
58195099
58223646
58252200
58280761
58309329
58337904
58366486
58395075
58423671
58452274
58480884
58509501
58538125
58566756
58595394
58624039
58652691
58681350
58710016
58738689
58767369
58796056
58824750
58853451
58882159
58910874
58939596
58968325
58997061
59025804
59054554
59083311
59112075
59140846
59169624
59198409
59227201
59256000
59284806
59313619
59342439
59371266
59400100
59428941
59457789
59486644
59515506
59544375
59573251
59602134
59631024
59659921
59688825
59717736
59746654
59775579
59804511
59833450
59862396
59891349
59920309
59949276
59978250
60007231
60036219
60065214
60094216
60123225
60152241
60181264
60210294
60239331
60268375
60297426
60326484
60355549
60384621
60413700
60442786
60471879
60500979
60530086
60559200
60588321
60617449
60646584
60675726
60704875
60734031
60763194
60792364
60821541
60850725
60879916
60909114
60938319
60967531
60996750
61025976
61055209
61084449
61113696
61142950
61172211
61201479
61230754
61260036
61289325
61318621
61347924
61377234
61406551
61435875
61465206
61494544
61523889
61553241
61582600
61611966
61641339
61670719
61700106
61729500
61758901
61788309
61817724
61847146
61876575
61906011
61935454
61964904
61994361
62023825
62053296
62082774
62112259
62141751
62171250
62200756
62230269
62259789
62289316
62318850
62348391
62377939
62407494
62437056
62466625
62496201
62525784
62555374
62584971
62614575
62644186
62673804
62703429
62733061
62762700
62792346
62821999
62851659
62881326
62911000
62940681
62970369
63000064
63029766
63059475
63089191
63118914
63148644
63178381
63208125
63237876
63267634
63297399
63327171
63356950
63386736
63416529
63446329
63476136
63505950
63535771
63565599
63595434
63625276
63655125
63684981
63714844
63744714
63774591
63804475
63834366
63864264
63894169
63924081
63954000
63983926
64013859
64043799
64073746
64103700
64133661
64163629
64193604
64223586
64253575
64283571
64313574
64343584
64373601
64403625
64433656
64463694
64493739
64523791
64553850
64583916
64613989
64644069
64674156
64704250
64734351
64764459
64794574
64824696
64854825
64884961
64915104
64945254
64975411
65005575
65035746
65065924
65096109
65126301
65156500
65186706
65216919
65247139
65277366
65307600
65337841
65368089
65398344
65428606
65458875
65489151
65519434
65549724
65580021
65610325
65640636
65670954
65701279
65731611
65761950
65792296
65822649
65853009
65883376
65913750
65944131
65974519
66004914
66035316
66065725
66096141
66126564
66156994
66187431
66217875
66248326
66278784
66309249
66339721
66370200
66400686
66431179
66461679
66492186
66522700
66553221
66583749
66614284
66644826
66675375
66705931
66736494
66767064
66797641
66828225
66858816
66889414
66920019
66950631
66981250
67011876
67042509
67073149
67103796
67134450
67165111
67195779
67226454
67257136
67287825
67318521
67349224
67379934
67410651
67441375
67472106
67502844
67533589
67564341
67595100
67625866
67656639
67687419
67718206
67749000
67779801
67810609
67841424
67872246
67903075
67933911
67964754
67995604
68026461
68057325
68088196
68119074
68149959
68180851
68211750
68242656
68273569
68304489
68335416
68366350
68397291
68428239
68459194
68490156
68521125
68552101
68583084
68614074
68645071
68676075
68707086
68738104
68769129
68800161
68831200
68862246
68893299
68924359
68955426
68986500
69017581
69048669
69079764
69110866
69141975
69173091
69204214
69235344
69266481
69297625
69328776
69359934
69391099
69422271
69453450
69484636
69515829
69547029
69578236
69609450
69640671
69671899
69703134
69734376
69765625
69796881
69828144
69859414
69890691
69921975
69953266
69984564
70015869
70047181
70078500
70109826
70141159
70172499
70203846
70235200
70266561
70297929
70329304
70360686
70392075
70423471
70454874
70486284
70517701
70549125
70580556
70611994
70643439
70674891
70706350
70737816
70769289
70800769
70832256
70863750
70895251
70926759
70958274
70989796
71021325
71052861
71084404
71115954
71147511
71179075
71210646
71242224
71273809
71305401
71337000
71368606
71400219
71431839
71463466
71495100
71526741
71558389
71590044
71621706
71653375
71685051
71716734
71748424
71780121
71811825
71843536
71875254
71906979
71938711
71970450
72002196
72033949
72065709
72097476
72129250
72161031
72192819
72224614
72256416
72288225
72320041
72351864
72383694
72415531
72447375
72479226
72511084
72542949
72574821
72606700
72638586
72670479
72702379
72734286
72766200
72798121
72830049
72861984
72893926
72925875
72957831
72989794
73021764
73053741
73085725
73117716
73149714
73181719
73213731
73245750
73277776
73309809
73341849
73373896
73405950
73438011
73470079
73502154
73534236
73566325
73598421
73630524
73662634
73694751
73726875
73759006
73791144
73823289
73855441
73887600
73919766
73951939
73984119
74016306
74048500
74080701
74112909
74145124
74177346
74209575
74241811
74274054
74306304
74338561
74370825
74403096
74435374
74467659
74499951
74532250
74564556
74596869
74629189
74661516
74693850
74726191
74758539
74790894
74823256
74855625
74888001
74920384
74952774
74985171
75017575
75049986
75082404
75114829
75147261
75179700
75212146
75244599
75277059
75309526
75342000
75374481
75406969
75439464
75471966
75504475
75536991
75569514
75602044
75634581
75667125
75699676
75732234
75764799
75797371
75829950
75862536
75895129
75927729
75960336
75992950
76025571
76058199
76090834
76123476
76156125
76188781
76221444
76254114
76286791
76319475
76352166
76384864
76417569
76450281
76483000
76515726
76548459
76581199
76613946
76646700
76679461
76712229
76745004
76777786
76810575
76843371
76876174
76908984
76941801
76974625
77007456
77040294
77073139
77105991
77138850
77171716
77204589
77237469
77270356
77303250
77336151
77369059
77401974
77434896
77467825
77500761
77533704
77566654
77599611
77632575
77665546
77698524
77731509
77764501
77797500
77830506
77863519
77896539
77929566
77962600
77995641
78028689
78061744
78094806
78127875
78160951
78194034
78227124
78260221
78293325
78326436
78359554
78392679
78425811
78458950
78492096
78525249
78558409
78591576
78624750
78657931
78691119
78724314
78757516
78790725
78823941
78857164
78890394
78923631
78956875
78990126
79023384
79056649
79089921
79123200
79156486
79189779
79223079
79256386
79289700
79323021
79356349
79389684
79423026
79456375
79489731
79523094
79556464
79589841
79623225
79656616
79690014
79723419
79756831
79790250
79823676
79857109
79890549
79923996
79957450
79990911
80024379
80057854
80091336
80124825
80158321
80191824
80225334
80258851
80292375
80325906
80359444
80392989
80426541
80460100
80493666
80527239
80560819
80594406
80628000
80661601
80695209
80728824
80762446
80796075
80829711
80863354
80897004
80930661
80964325
80997996
81031674
81065359
81099051
81132750
81166456
81200169
81233889
81267616
81301350
81335091
81368839
81402594
81436356
81470125
81503901
81537684
81571474
81605271
81639075
81672886
81706704
81740529
81774361
81808200
81842046
81875899
81909759
81943626
81977500
82011381
82045269
82079164
82113066
82146975
82180891
82214814
82248744
82282681
82316625
82350576
82384534
82418499
82452471
82486450
82520436
82554429
82588429
82622436
82656450
82690471
82724499
82758534
82792576
82826625
82860681
82894744
82928814
82962891
82996975
83031066
83065164
83099269
83133381
83167500
83201626
83235759
83269899
83304046
83338200
83372361
83406529
83440704
83474886
83509075
83543271
83577474
83611684
83645901
83680125
83714356
83748594
83782839
83817091
83851350
83885616
83919889
83954169
83988456
84022750
84057051
84091359
84125674
84159996
84194325
84228661
84263004
84297354
84331711
84366075
84400446
84434824
84469209
84503601
84538000
84572406
84606819
84641239
84675666
84710100
84744541
84778989
84813444
84847906
84882375
84916851
84951334
84985824
85020321
85054825
85089336
85123854
85158379
85192911
85227450
85261996
85296549
85331109
85365676
85400250
85434831
85469419
85504014
85538616
85573225
85607841
85642464
85677094
85711731
85746375
85781026
85815684
85850349
85885021
85919700
85954386
85989079
86023779
86058486
86093200
86127921
86162649
86197384
86232126
86266875
86301631
86336394
86371164
86405941
86440725
86475516
86510314
86545119
86579931
86614750
86649576
86684409
86719249
86754096
86788950
86823811
86858679
86893554
86928436
86963325
86998221
87033124
87068034
87102951
87137875
87172806
87207744
87242689
87277641
87312600
87347566
87382539
87417519
87452506
87487500
87522501
87557509
87592524
87627546
87662575
87697611
87732654
87767704
87802761
87837825
87872896
87907974
87943059
87978151
88013250
88048356
88083469
88118589
88153716
88188850
88223991
88259139
88294294
88329456
88364625
88399801
88434984
88470174
88505371
88540575
88575786
88611004
88646229
88681461
88716700
88751946
88787199
88822459
88857726
88893000
88928281
88963569
88998864
89034166
89069475
89104791
89140114
89175444
89210781
89246125
89281476
89316834
89352199
89387571
89422950
89458336
89493729
89529129
89564536
89599950
89635371
89670799
89706234
89741676
89777125
89812581
89848044
89883514
89918991
89954475
89989966
90025464
90060969
90096481
90132000
90167526
90203059
90238599
90274146
90309700
90345261
90380829
90416404
90451986
90487575
90523171
90558774
90594384
90630001
90665625
90701256
90736894
90772539
90808191
90843850
90879516
90915189
90950869
90986556
91022250
91057951
91093659
91129374
91165096
91200825
91236561
91272304
91308054
91343811
91379575
91415346
91451124
91486909
91522701
91558500
91594306
91630119
91665939
91701766
91737600
91773441
91809289
91845144
91881006
91916875
91952751
91988634
92024524
92060421
92096325
92132236
92168154
92204079
92240011
92275950
92311896
92347849
92383809
92419776
92455750
92491731
92527719
92563714
92599716
92635725
92671741
92707764
92743794
92779831
92815875
92851926
92887984
92924049
92960121
92996200
93032286
93068379
93104479
93140586
93176700
93212821
93248949
93285084
93321226
93357375
93393531
93429694
93465864
93502041
93538225
93574416
93610614
93646819
93683031
93719250
93755476
93791709
93827949
93864196
93900450
93936711
93972979
94009254
94045536
94081825
94118121
94154424
94190734
94227051
94263375
94299706
94336044
94372389
94408741
94445100
94481466
94517839
94554219
94590606
94627000
94663401
94699809
94736224
94772646
94809075
94845511
94881954
94918404
94954861
94991325
95027796
95064274
95100759
95137251
95173750
95210256
95246769
95283289
95319816
95356350
95392891
95429439
95465994
95502556
95539125
95575701
95612284
95648874
95685471
95722075
95758686
95795304
95831929
95868561
95905200
95941846
95978499
96015159
96051826
96088500
96125181
96161869
96198564
96235266
96271975
96308691
96345414
96382144
96418881
96455625
96492376
96529134
96565899
96602671
96639450
96676236
96713029
96749829
96786636
96823450
96860271
96897099
96933934
96970776
97007625
97044481
97081344
97118214
97155091
97191975
97228866
97265764
97302669
97339581
97376500
97413426
97450359
97487299
97524246
97561200
97598161
97635129
97672104
97709086
97746075
97783071
97820074
97857084
97894101
97931125
97968156
98005194
98042239
98079291
98116350
98153416
98190489
98227569
98264656
98301750
98338851
98375959
98413074
98450196
98487325
98524461
98561604
98598754
98635911
98673075
98710246
98747424
98784609
98821801
98859000
98896206
98933419
98970639
99007866
99045100
99082341
99119589
99156844
99194106
99231375
99268651
99305934
99343224
99380521
99417825
99455136
99492454
99529779
99567111
99604450
99641796
99679149
99716509
99753876
99791250
99828631
99866019
99903414
99940816
99978225